1 0.09494382022471909 0.17752495135270852 0.14943820224719098 0.33466426235869456
1 0.07584269662921349 0.39921879012331585 0.10898876404494383 0.20385640346722514
1 0.0842696629213483 0.603075193590541 0.13258426966292133 0.2038564034672251
1 0.08314606741573033 0.8077809987388795 0.13258426966292133 0.205555206829452
1 0.33146067415730335 0.11636803031254102 0.29887640449438196 0.20895281355390577
1 0.3297752808988764 0.3287184505909005 0.3 0.20555520682945197
1 0.3280898876404494 0.5461652809559406 0.30112359550561796 0.20895281355390571
1 0.32584269662921345 0.8103292037822197 0.298876404494382 0.19706119001831765
1 0.6393258426966291 0.11891623535588133 0.22921348314606732 0.21065161691613266
1 0.8780898876404494 0.11891623535588133 0.2235955056179776 0.21404922364058637
1 0.6410112359550562 0.3592969111109843 0.22584269662921358 0.21914563372726703
1 0.8786516853932586 0.3567487060676439 0.2292134831460676 0.2208444370894939
1 0.6196629213483145 0.6540392944573472 0.18539325842696627 0.32956785227201396
1 0.8775280898876404 0.692262370107452 0.20449438202247194 0.40601400357222345
