1 0.1314250287322957 0.12384473197781885 0.23106353888747805 0.22920517560073936
1 0.37043519726405216 0.12292051756007394 0.21517027959892135 0.20517560073937155
1 0.08680164688365577 0.422365988909427 0.16137770969919102 0.33086876155268025
1 0.23717633092153834 0.3706099815157116 0.11247537342670888 0.2088724584103512
1 0.389996131773045 0.3706099815157116 0.13692654156294992 0.22365988909426984
1 0.3190877441779459 0.5868761552680222 0.2787433167531481 0.20517560073937147
1 0.14854084642766446 0.7929759704251387 0.2848561087872084 0.21072088724584107
1 0.39672020301051136 0.8391866913123844 0.14792956722425848 0.2255083179297597
1 0.6393980467627038 0.11645101663585952 0.22739586366704195 0.21441774491682072
1 0.8869661241421446 0.29852125693160814 0.18460631942862007 0.5748613678373382
1 0.6375642091524858 0.4473197781885398 0.2310635388874782 0.21441774491682075
1 0.7372027193076681 0.8031423290203327 0.3520968211618714 0.3419593345656192
