1 0.15898876404494372 0.12825965384812918 0.2303370786516853 0.2123504202783596
1 0.16741573033707852 0.36354391951655146 0.24044943820224707 0.21065161691613274
1 0.18651685393258424 0.5988281851849737 0.27415730337078653 0.21235042027835951
1 0.20393258426966296 0.8519498861567786 0.3044943820224719 0.21235042027835915
1 0.3971910112359549 0.11297042358808725 0.1853932584269664 0.20555520682945197
1 0.403932584269663 0.3567487060676439 0.18539325842696633 0.20725401019167886
1 0.4129213483146067 0.5835389549249319 0.1696629213483146 0.20555520682945194
1 0.4376404494382023 0.8468534760700978 0.11348314606741586 0.20555520682945175
1 0.7179775280898878 0.11806683367476792 0.36853932584269655 0.18856717320718328
1 0.7146067415730338 0.3244714421853333 0.36853932584269633 0.19366358329386388
1 0.5910112359550562 0.5308760506958987 0.10786516853932582 0.205555206829452
1 0.7887640449438202 0.527478443971445 0.2269662921348315 0.19875999338054448
1 0.697752808988764 0.7185938222219685 0.3191011235955056 0.16648272949823395
1 0.6870786516853933 0.8935705685313369 0.30674157303370786 0.19366358329386388
1 0.9314606741573033 0.8094798021011065 0.11460674157303359 0.3550499027054172
