1 0.1100302566130848 0.09611829944547136 0.17604841058093565 0.12199630314232902
1 0.11125281501989683 0.21626617375231053 0.17604841058093562 0.12199630314232902
1 0.11003025661308477 0.33271719038817005 0.17604841058093562 0.12199630314232902
1 0.11125281501989683 0.4565619223659889 0.17604841058093562 0.12199630314232902
1 0.11003025661308477 0.5730129390018485 0.17604841058093562 0.12199630314232902
1 0.10758513979946066 0.6950092421441774 0.17604841058093562 0.12199630314232902
1 0.10758513979946066 0.8170055452865064 0.17604841058093562 0.12199630314232902
1 0.10758513979946066 0.9390018484288355 0.17604841058093562 0.12199630314232902
1 0.24206656454878656 0.11645101663585951 0.08068885484959555 0.17005545286506468
1 0.24023272693856845 0.3327171903881701 0.08435653007003172 0.2661737523105361
1 0.23962144773516245 0.5979667282809612 0.08557908847684377 0.2643253234750463
1 0.23839888932835038 0.8641404805914972 0.08802420529046788 0.26432532347504606
1 0.3734915932810823 0.09149722735674677 0.18216120261499585 0.1201478743068392
1 0.3771592685015184 0.21626617375231053 0.17971608580137183 0.11829944547134935
1 0.3789931061117365 0.3345656192236599 0.17604841058093562 0.12199630314232898
1 0.37715926850151843 0.45378927911275413 0.17727096898774777 0.11645101663585955
1 0.37654798929811245 0.5748613678373382 0.17849352739455984 0.12199630314232905
1 0.3734915932810823 0.6968576709796673 0.17727096898774775 0.11829944547134943
1 0.37165775567086423 0.8151571164510167 0.18093864420818392 0.11829944547134928
1 0.37471415168789435 0.932532347504621 0.18216120261499602 0.11645101663585948
1 0.6057776905753723 0.08317929759704251 0.17727096898774783 0.12199630314232902
1 0.8722954232604 0.09057301293900184 0.1772709689877476 0.11829944547134935
1 0.7372027193076681 0.21811460258780038 0.1736032937673116 0.12199630314232902
1 0.6027212945583422 0.34195933456561917 0.1736032937673115 0.12199630314232898
1 0.8692390272433699 0.34011090573012936 0.17849352739455981 0.12939001848428838
1 0.6485672348137942 0.5351201478743068 0.2677402910918396 0.24214417744916808
1 0.9108060130749798 0.5785582255083179 0.1442618920038224 0.32532347504621084
1 0.5843829184561615 0.8290203327171903 0.13937165837657411 0.33826247689463956
1 0.8441765799037227 0.8743068391866913 0.27996587515996013 0.2365988909426987
