1 0.17078651685393256 0.11976563703699476 0.3033707865168539 0.19875999338054448
1 0.4202247191011236 0.1248620471236754 0.11235955056179776 0.20895281355390577
1 0.07584269662921347 0.36014631279209774 0.11573033707865168 0.2072540101916788
1 0.32247191011235954 0.3677909279221187 0.3056179775280899 0.21235042027835951
1 0.08595505617977528 0.719443223903082 0.13595505617977527 0.35165229598096337
1 0.3207865168539326 0.6073222019961082 0.3067415730337079 0.20895281355390566
1 0.3219101123595506 0.8494016811134381 0.3089887640449438 0.20725401019167877
1 0.7533707865168541 0.14779589251373823 0.48876404494382014 0.27180853795630017
1 0.5921348314606741 0.5724967330704572 0.15280898876404492 0.32956785227201396
1 0.8438202247191012 0.39921879012331585 0.3033707865168539 0.19706119001831762
1 0.847191011235955 0.616665620488356 0.3033707865168539 0.2004587967427714
1 0.6674157303370785 0.8731849281846144 0.3033707865168539 0.20385640346722525
1 0.9410112359550561 0.876582534909068 0.11573033707865164 0.2038564034672251
