1 0.09101123595505617 0.16903093454157417 0.15056179775280898 0.33806186908314834
1 0.253932584269663 0.17837435303382196 0.1460674157303371 0.32956785227201396
1 0.40898876404494383 0.18007315639604887 0.14382022471910105 0.32956785227201396
1 0.17247191011235954 0.45018289099012215 0.22134831460674156 0.22424204381394758
1 0.16966292134831462 0.6701779263985026 0.22247191011235956 0.2225432404517207
1 0.36235955056179775 0.4671709246123909 0.14269662921348314 0.21404922364058643
1 0.36235955056179775 0.6761237381662966 0.1449438202247191 0.20385640346722503
1 0.24213483146067413 0.8893235601257694 0.3719101123595505 0.21574802700281326
1 0.5949438202247191 0.17837435303382196 0.17415730337078655 0.3329654589964677
1 0.7589887640449439 0.2072540101916789 0.13370786516853925 0.20385640346722514
1 0.9101123595505618 0.1868683698449564 0.1505617977528091 0.33296545899646773
1 0.6061797752808988 0.45697810443902964 0.17640449438202255 0.2004587967427713
1 0.8528089887640449 0.46377331788793713 0.2764044943820224 0.20725401019167897
1 0.6943820224719102 0.6659309179929355 0.17977528089887643 0.20385640346722517
1 0.9 0.6693285247173891 0.17752808988764046 0.2004587967427713
1 0.5842696629213484 0.8901729618068831 0.13033707865168537 0.20725401019167877
1 0.7404494382022472 0.8944199702124501 0.10561797752808985 0.20215760010499836
1 0.9112359550561797 0.8952693718935637 0.1280898876404494 0.20045879674277145
