1 0.12808988764044943 0.11212102190697382 0.23370786516853934 0.21404922364058637
1 0.3691011235955057 0.11721743199365445 0.14044943820224723 0.2072540101916789
1 0.24438202247191007 0.3423088774887155 0.3831460674157303 0.22254324045172078
1 0.07415730337078652 0.6319548507483979 0.14382022471910114 0.3431582791698289
1 0.23764044943820223 0.6345030557917383 0.14719101123595507 0.3346642623586946
1 0.4101123595505618 0.6226114322561501 0.15505617977528088 0.33806186908314845
1 0.1747191011235955 0.8986669786180174 0.2348314606741573 0.1970611900183175
1 0.401123595505618 0.8969681752557905 0.1101123595505618 0.2004587967427713
1 0.5831460674157303 0.18007315639604887 0.15056179775280895 0.3261702455475602
1 0.755056179775281 0.1809225580771623 0.15730337078651702 0.3380618690831483
1 0.9140449438202247 0.17752495135270852 0.15617977528089896 0.33466426235869456
1 0.5724719101123595 0.48840596664022684 0.14044943820224717 0.21235042027835946
1 0.8567415730337079 0.4926529750457941 0.2415730337078651 0.22084443708949386
1 0.5797752808988764 0.7941905718410645 0.14831460674157307 0.3346642623586945
1 0.7488764044943821 0.7984375802466317 0.14719101123595507 0.32617024554756013
1 0.9134831460674158 0.7950399735221779 0.15955056179775284 0.3329654589964677
