1 0.08033707865168539 0.11806683367476788 0.13146067415730336 0.205555206829452
1 0.25280898876404495 0.12571144880478882 0.13483146067415727 0.2072540101916789
1 0.4 0.12401264544256196 0.13258426966292133 0.21065161691613266
1 0.1196629213483146 0.4561287027579162 0.2101123595505618 0.39921879012331574
1 0.3550561797752809 0.4314960540056265 0.2202247191011236 0.36014631279209763
1 0.08202247191011237 0.8273172374044886 0.1460674157303371 0.343158279169829
1 0.2544943820224719 0.8273172374044886 0.14943820224719098 0.343158279169829
1 0.41235955056179774 0.8128774088255603 0.1460674157303371 0.2870977682163421
1 0.5882022471910112 0.13080785889146945 0.1359550561797752 0.21065161691613263
1 0.8348314606741574 0.16733213117934728 0.2876404494382021 0.27690494804298077
1 0.696067415730337 0.4493334893090088 0.37640449438202256 0.25312170097180453
1 0.9353932584269654 0.4561287027579166 0.08876404494382094 0.23273606062508187
1 0.652247191011236 0.7755037348565688 0.2775280898876404 0.20555520682945186
1 0.9106741573033708 0.8001363836088586 0.14719101123595507 0.34315827916982905
