1 0.14548445041063432 0.09990758419918265 0.2591823822441553 0.19944546006743877
1 0.15037468403788257 0.3068391866913124 0.2714079663122758 0.22181146025878004
1 0.38510589814579677 0.21903881700554528 0.16871306014006338 0.28650646950092423
1 0.24145528534538052 0.5304990757855823 0.4071119494684137 0.2181146025878003
1 0.0825226924598136 0.8290203327171903 0.16015515129237898 0.3308687615526803
1 0.2500131941930649 0.8271719038817005 0.1308137495288897 0.34195933456561933
1 0.4071119494684137 0.8299445471349353 0.1344814247493259 0.33641404805914976
1 0.7414816737315103 0.133086876155268 0.40711194946841367 0.22181146025878004
1 0.7414816737315103 0.3650646950092421 0.40711194946841367 0.22365988909426984
1 0.6216709498639291 0.733826247689464 0.2188379548193575 0.40665434380776333
1 0.8570134431752493 0.621996303142329 0.21761539641254543 0.21996303142329027
1 0.8606811183956856 0.8715341959334566 0.2322860972942901 0.22365988909427004
