1 0.24390040215900463 0.16635859519408502 0.4682398698090164 0.33271719038817005
1 0.24390040215900463 0.5018484288354899 0.47068498662264047 0.3345656192236599
1 0.23962144773516245 0.8327171903881702 0.45968196096133196 0.32347504621072093
1 0.6247273458809591 0.17467652495378927 0.19071911146268028 0.33086876155268025
1 0.8423427422935046 0.20055452865064693 0.23962144773516245 0.24214417744916822
1 0.5776588472186951 0.5092421441774492 0.13814909996976205 0.20517560073937155
1 0.7268109728497657 0.5101663585951941 0.16993561854687542 0.32162661737523107
1 0.8930789161762049 0.5194085027726433 0.11369793183352087 0.21072088724584098
1 0.5819378016425374 0.8271719038817005 0.14915212563107055 0.32347504621072093
1 0.7359801609008559 0.8308687615526803 0.14915212563107033 0.32347504621072093
1 0.9046932210409194 0.8253234750462107 0.1589325928855669 0.3382624768946397
