1 0.11404494382022472 0.18771777152606983 0.15842696629213482 0.3346642623586946
1 0.2792134831460674 0.1928141816127504 0.15617977528089888 0.34145947580760205
1 0.43539325842696625 0.19706119001831762 0.14269662921348314 0.3499534926187365
1 0.1960674157303371 0.49520118008913433 0.32471910112359553 0.205555206829452
1 0.4297752808988764 0.6523404910951204 0.1269662921348315 0.5164362221169703
1 0.19157303370786521 0.762762709639867 0.2820224719101125 0.30578460520083783
1 0.6303370786516854 0.24292888079844321 0.20224719101123617 0.45188169435234893
1 0.7943820224719101 0.12825965384812915 0.08539325842696627 0.2293384539006283
1 0.9325842696629213 0.13080785889146943 0.08314606741573044 0.2310372572628551
1 0.8674157303370786 0.3525016976620768 0.26516853932584267 0.19536238665609074
0 0.5707865168539326 0.6625333112684817 0.08764044943820223 0.2004587967427714
0 0.5713483146067415 0.857046296243459 0.08426966292134835 0.17837435303382193
1 0.6876404494382022 0.6379006625161919 0.15280898876404486 0.3244714421853334
1 0.8870786516853931 0.6438464742839861 0.22584269662921358 0.20385640346722525
1 0.8033707865168539 0.8978175769369039 0.3011235955056179 0.19875999338054443
