1 0.0910112359550562 0.12401264544256196 0.13033707865168542 0.20385640346722514
1 0.23314606741573032 0.12231384208033509 0.11348314606741575 0.2072540101916789
1 0.3752808988764045 0.12401264544256195 0.11235955056179772 0.20725401019167886
1 0.23146067415730337 0.35420050102430367 0.3797752808988764 0.19536238665609074
1 0.23707865168539322 0.5937317750982932 0.37977528089887636 0.19875999338054448
1 0.2348314606741573 0.8477028777512112 0.3820224719101124 0.20045879674277145
1 0.7056179775280899 0.19451298497497732 0.3932584269662921 0.3550499027054171
1 0.6235955056179775 0.4960505817702478 0.2269662921348315 0.21744683036504014
1 0.8741573033707866 0.5028457952191553 0.22921348314606732 0.22084443708949394
1 0.6235955056179775 0.7440758726553716 0.2269662921348315 0.20045879674277145
1 0.8685393258426966 0.7440758726553718 0.2561797752808988 0.2038564034672251
