1 0.24634551897262874 0.18299445471349354 0.367990080450428 0.33641404805914976
1 0.0806888548495955 0.46487985212569316 0.13448142474932584 0.20887245841035118
1 0.24940191498965883 0.46487985212569316 0.13692654156294992 0.20887245841035118
1 0.40650067026500764 0.47227356746765253 0.13325886634251383 0.21256931608133078
1 0.07702117962915934 0.6829944547134936 0.14181677519019817 0.20147874306839186
1 0.24756807737944078 0.6876155268022183 0.13814909996976205 0.21072088724584107
1 0.1399829375799801 0.8890942698706099 0.27018540790546375 0.20332717190388166
1 0.4083345078752258 0.7929759704251386 0.1295911911220776 0.4066543438077633
1 0.5929408273038459 0.18299445471349354 0.14426189200382225 0.33641404805914976
1 0.7579862122234731 0.16820702402957488 0.10758513979946059 0.21072088724584107
1 0.9065270586511375 0.1866913123844732 0.1552649176651309 0.3327171903881701
1 0.7488170241723826 0.5129390018484288 0.48535568750438524 0.3086876155268022
1 0.5904957104902216 0.8299445471349353 0.17849352739455968 0.2513863216266172
1 0.7549298162064428 0.8364140480591498 0.15771003447875487 0.32347504621072093
1 0.9193375335365342 0.8354898336414048 0.16132493292693156 0.32902033271719033
