1 0.25617977528089886 0.17072973790380108 0.4853932584269663 0.3346642623586946
1 0.2595505617977528 0.5045445985813822 0.49213483146067416 0.32956785227201385
1 0.25898876404494386 0.8349618525345096 0.4932584269662922 0.32447144218533325
1 0.601685393258427 0.19111537825052355 0.15393258426966283 0.34145947580760205
1 0.7674157303370787 0.191964779931637 0.1438202247191012 0.3499534926187365
1 0.9247191011235956 0.2165974286839267 0.12359550561797761 0.4094116102966771
1 0.6084269662921348 0.5317254523770122 0.15842696629213485 0.23443486398730884
1 0.7679775280898877 0.5750449381137975 0.1584269662921348 0.33126665563424085
1 0.9224719101123595 0.5869365616493856 0.11460674157303373 0.20555520682945194
1 0.5859550561797753 0.8723355265035008 0.11573033707865178 0.20895281355390566
1 0.8449438202247191 0.8646909113734799 0.3011235955056179 0.2038564034672251
