1 0.16460674157303373 0.11127162022586039 0.30674157303370786 0.19875999338054448
1 0.41629213483146066 0.11976563703699476 0.09550561797752806 0.205555206829452
1 0.07134831460674157 0.35080289429984984 0.11123595505617978 0.20215760010499828
1 0.3252808988764045 0.3533510993431902 0.30674157303370786 0.2038564034672251
1 0.06853932584269663 0.5733461347515706 0.11235955056179776 0.20215760010499814
1 0.24044943820224718 0.56824972466489 0.22696629213483147 0.19536238665609063
1 0.41797752808988764 0.6022257919094275 0.16179775280898873 0.2769049480429808
1 0.13707865168539324 0.8485522794323245 0.2202247191011236 0.19536238665609076
1 0.3539325842696629 0.8494016811134381 0.22921348314606743 0.21404922364058634
1 0.7522471910112359 0.1452476874703979 0.4775280898876404 0.2565193076962583
1 0.6640449438202247 0.39751998676108896 0.29887640449438213 0.19366358329386382
1 0.6646067415730337 0.6370512608350785 0.30224719101123604 0.1970611900183175
1 0.6741573033707864 0.8740343298657277 0.32359550561797756 0.20215760010499836
1 0.9235955056179777 0.46377331788793713 0.1370786516853933 0.35674870606764403
1 0.9230337078651685 0.8154256138689004 0.1359550561797752 0.3193750320986528
