1 0.12347839908801739 0.18207024029574861 0.21028004597167319 0.28650646950092423
1 0.35515321717890147 0.18853974121996303 0.20661237075123695 0.25508317929759705
1 0.2353424933113203 0.3826247689463955 0.3410937955005629 0.11090573012939003
1 0.05684896591676048 0.5730129390018485 0.06968582918828703 0.25138632162661734
1 0.25979366144756133 0.5767097966728282 0.25551470702371915 0.2550831792975971
1 0.2616274990577794 0.8438077634011091 0.4107796246888498 0.21256931608133087
1 0.6766860781704714 0.23382624768946392 0.34109379550056285 0.3974121996303142
1 0.7170305055952693 0.5517560073937153 0.41200218309566194 0.2273567467652495
1 0.5831603600493495 0.8299445471349353 0.15404235925831877 0.3290203327171905
1 0.7469831865621646 0.8354898336414048 0.163822826512815 0.32902033271719033
1 0.9120285714817916 0.8308687615526802 0.1638228265128153 0.33086876155268014
