1 0.07752808988764043 0.25991691442071196 0.1325842696629213 0.4620745145257102
1 0.19606741573033706 0.2607663161018254 0.10898876404494388 0.4535804977145757
1 0.31404494382022474 0.26331452114516574 0.13146067415730336 0.4552793010768027
1 0.4365168539325843 0.26331452114516574 0.12022471910112366 0.4586769078012565
1 0.07977528089887641 0.767859119726548 0.13707865168539327 0.4552793010768028
1 0.199438202247191 0.7704073247698883 0.11573033707865166 0.45697810443902964
1 0.3162921348314607 0.7670097180454346 0.12471910112359552 0.45697810443902964
1 0.4404494382022472 0.7627627096398675 0.13258426966292133 0.4484840876278953
1 0.5808988764044944 0.17582614799048166 0.14382022471910105 0.3380618690831483
1 0.7286516853932585 0.14269948242705757 0.15617977528089896 0.27180853795630017
1 0.8977528089887641 0.11551862863142758 0.18426966292134836 0.22424204381394763
1 0.908426966292135 0.3423088774887155 0.1584269662921348 0.21574802700281326
1 0.6022471910112359 0.4009175934855428 0.17078651685393254 0.09853059500915883
1 0.6022471910112359 0.4985987868135881 0.17303370786516864 0.09003657819802449
1 0.601123595505618 0.589484766692726 0.17528089887640455 0.09853059500915883
1 0.6011235955056179 0.6982081818752459 0.17752808988764052 0.12231384208033504
1 0.6028089887640449 0.8196726222744677 0.17415730337078655 0.12061503871810828
1 0.6028089887640449 0.9377394559492356 0.17415730337078655 0.12231384208033504
1 0.7230337078651685 0.5461652809559406 0.0775280898876406 0.15119349923819192
1 0.7264044943820224 0.8086304004199931 0.07528089887640434 0.14949469587596512
1 0.8797752808988765 0.5809907498815916 0.21797752808988746 0.23103725726285518
1 0.8792134831460675 0.8494016811134381 0.21685393258426955 0.22084443708949394
