1 0.08258426966292134 0.11636803031254099 0.13595505617977527 0.2021576001049982
1 0.0842696629213483 0.33806186908314834 0.13258426966292133 0.2072540101916789
1 0.23820224719101124 0.23953127407398953 0.15280898876404492 0.32956785227201396
1 0.4061797752808989 0.24292888079844327 0.14719101123595507 0.32956785227201396
1 0.08539325842696628 0.6039245952716544 0.1595505617977528 0.2938929816652495
1 0.24943820224719102 0.6005269885472007 0.1640449438202247 0.2870977682163421
1 0.4140449438202248 0.6056233986338814 0.16516853932584274 0.2938929816652495
1 0.14887640449438203 0.876582534909068 0.23033707865168537 0.21744683036504
1 0.3691011235955057 0.8791307399524083 0.11123595505617978 0.20555520682945186
1 0.65 0.116368030312541 0.29775280898876405 0.19875999338054448
1 0.9370786516853933 0.19196477993163696 0.08089887640449434 0.22084443708949386
1 0.691573033707865 0.3244714421853333 0.3786516853932584 0.20725401019167886
1 0.6859550561797753 0.5597557078537556 0.36966292134831447 0.2021576001049982
1 0.9387640449438203 0.5640027162593229 0.11123595505617985 0.20725401019167897
1 0.55561797752809 0.8400582626211901 0.11348314606741582 0.205555206829452
1 0.6797752808988764 0.8443052710267573 0.13483146067415724 0.2072540101916789
1 0.8050561797752809 0.8485522794323245 0.11123595505617985 0.20555520682945186
1 0.9247191011235956 0.8519498861567782 0.1325842696629212 0.2021576001049982
