1 0.11179775280898877 0.17582614799048166 0.15168539325842695 0.30748340856306455
1 0.3432584269662921 0.11806683367476788 0.3022471910112359 0.20895281355390577
1 0.34157303370786524 0.315977425374199 0.30337078651685395 0.20385640346722514
1 0.15842696629213485 0.4331948573678534 0.30337078651685395 0.2004587967427714
1 0.15617977528089882 0.6319548507483981 0.27640449438202236 0.19366358329386396
1 0.1404494382022471 0.8570462962434585 0.2067415730337077 0.259916914420711
1 0.37640449438202245 0.8553474928812321 0.2314606741573034 0.2769049480429807
1 0.5865168539325842 0.18007315639604887 0.14831460674157307 0.33636306572092145
1 0.7471910112359551 0.1766755496715951 0.15280898876404506 0.32956785227201396
1 0.9129213483146067 0.17922375471493537 0.15168539325842686 0.33126665563424074
1 0.5876404494382023 0.5249302389281048 0.14831460674157307 0.3363630657209214
1 0.750561797752809 0.5223820338847645 0.15280898876404478 0.33126665563424085
1 0.9129213483146067 0.5240808372469913 0.14943820224719104 0.3278690489097872
1 0.6247191011235954 0.8570462962434587 0.22696629213483152 0.2565193076962581
1 0.7994382022471912 0.8440076808509422 0.12471910112359556 0.3119846382981151
1 0.9320224719101121 0.8448570825320556 0.13595505617977505 0.3102858349358881
1 0.39775280898876386 0.5674003229837766 0.1730337078651689 0.2955917850274763
