1 0.09230315971431001 0.1756007393715342 0.15526491766513076 0.32532347504621073
1 0.09474827652793413 0.5240295748613678 0.14792956722425846 0.3641404805914973
1 0.09352571812112208 0.8493530499075785 0.14548445041063435 0.28650646950092423
1 0.3178651857711338 0.6950092421441775 0.3594321716027436 0.32902033271719033
1 0.2506244733964709 0.2541589648798521 0.13937165837657406 0.46395563770794823
0 0.4022217158411655 0.25878003696857665 0.13937165837657403 0.3585951940850277
1 0.5929408273038459 0.18576709796672827 0.14670700881744636 0.3456561922365989
1 0.5819378016425374 0.4898336414048059 0.11003025661308477 0.2070240295748613
1 0.7518734201894128 0.18761552680221807 0.14670700881744636 0.34195933456561917
1 0.9126398506851978 0.18946395563770796 0.15771003447875487 0.3419593345656192
1 0.8478442551241588 0.5184842883548983 0.27996587515996013 0.25693160813308696
1 0.594163385710658 0.7597042513863215 0.13937165837657411 0.21072088724584107
1 0.757374933020067 0.8216266173752311 0.15771003447875487 0.3308687615526803
