1 0.1332588663425138 0.1478743068391867 0.22739586366704187 0.23290203327171904
1 0.36676752204361596 0.1487985212569316 0.22739586366704193 0.23105360443622922
1 0.2439004021590046 0.4390018484288355 0.36799008045042797 0.25693160813308685
1 0.10024978935858836 0.777264325323475 0.1418167751901982 0.3567467652495378
1 0.36126600921296176 0.7060998151571165 0.22372818844660575 0.20332717190388172
1 0.3368148410767207 0.9094269870609982 0.2677402910918397 0.17005545286506474
1 0.6088340865924026 0.14417744916820702 0.17849352739455968 0.21811460258780038
1 0.8735179816672121 0.14048059149722736 0.2066123707512371 0.19963031423290203
1 0.6290063003048014 0.4630314232902033 0.22617330526022988 0.34195933456561933
1 0.8686277480399639 0.46580406654343803 0.23106353888747805 0.3438077634011091
1 0.5758250096084772 0.8253234750462107 0.14426189200382225 0.3382624768946397
1 0.7372027193076681 0.8040665434380776 0.1760484105809357 0.12199630314232905
1 0.8936901953796109 0.822550831792976 0.1540423592583187 0.34380776340110913
