1 0.16348314606741574 0.11212102190697382 0.20337078651685395 0.19706119001831762
1 0.3297752808988764 0.1189162353558813 0.11123595505617981 0.20725401019167886
1 0.4404494382022471 0.11976563703699476 0.10561797752808985 0.21574802700281326
1 0.05393258426966291 0.30323640015749737 0.07865168539325841 0.15119349923819192
1 0.2971910112359551 0.3304172539531274 0.37865168539325844 0.205555206829452
1 0.10280898876404494 0.6616839095873682 0.17191011235955056 0.4297972506433997
1 0.3359550561797754 0.533424255739239 0.30337078651685395 0.20045879674277148
1 0.33876404494382006 0.7330336508008972 0.3044943820224721 0.1987599933805443
1 0.33764044943820215 0.9162068237455849 0.3022471910112362 0.16758635250883028
1 0.7432584269662922 0.1384524740214904 0.4730337078651685 0.26671212786961956
1 0.593258426966292 0.37798374809547997 0.17752808988764052 0.191964779931637
1 0.6095505617977528 0.7381300608875776 0.2056179775280899 0.5215326322036509
1 0.753932584269663 0.8995163802991308 0.2808988764044944 0.19875999338054443
1 0.8707865168539325 0.3813813548199337 0.22471910112359553 0.205555206829452
1 0.8724719101123596 0.5792919465193647 0.2213483146067415 0.19026597656941
1 0.8848314606741573 0.7763531365376823 0.20337078651685403 0.19706119001831765
