1 0.1640449438202247 0.12656085048590224 0.29213483146067415 0.22254324045172078
1 0.4084269662921349 0.12146444039922163 0.1719101123595506 0.19536238665609076
1 0.11910112359550562 0.35844750942987086 0.2 0.19366358329386388
1 0.37359550561797755 0.36014631279209763 0.2280898876404494 0.2004587967427714
1 0.07808988764044943 0.5835389549249318 0.11573033707865166 0.18177195975827565
1 0.32471910112359553 0.5809907498815916 0.32134831460674157 0.2072540101916789
1 0.13764044943820225 0.7924917684788376 0.23258426966292134 0.2021576001049982
1 0.593258426966292 0.1494946958759651 0.1662921348314606 0.1766755496715951
1 0.7393258426966292 0.149494695875965 0.11235955056179775 0.20045879674277128
1 0.6101123595505618 0.8281666390856021 0.1977528089887641 0.30748340856306455
1 0.8893258426966293 0.1477958925137382 0.1831460674157303 0.16648272949823384
1 0.5910112359550567 0.4170562254266978 0.14606741573033624 0.3448570825320564
1 0.8292134831460679 0.35844750942987075 0.29438202247190903 0.210651616916133
1 0.8348314606741567 0.7016057885996999 0.31011235955056216 0.4824601548724325
0 0.37808988764044943 0.8324136474911694 0.20337078651685403 0.31597742537419854
