1 0.09325842696629212 0.19281418161275046 0.14157303370786514 0.3448570825320559
1 0.34550561797752805 0.13590426897815008 0.26179775280898876 0.2412300774362164
1 0.12921348314606743 0.4994481884947015 0.23370786516853934 0.26161571778293896
1 0.3668539325842697 0.3643933211976649 0.22359550561797753 0.21235042027835957
1 0.12247191011235956 0.7372806592064641 0.22247191011235956 0.21065161691613263
1 0.10168539325842697 0.8918717651691099 0.13146067415730336 0.19366358329386388
1 0.3887640449438202 0.6090210053583351 0.18426966292134825 0.2735073413185271
1 0.3421348314606742 0.862992108011253 0.31573033707865167 0.2616157177829389
1 0.7404494382022472 0.12571144880478882 0.3730337078651685 0.23103725726285515
1 0.6640449438202247 0.3788331497765934 0.30112359550561796 0.1970611900183176
1 0.8943820224719101 0.4765143431046387 0.2044943820224718 0.4026163968477695
1 0.6533707865168539 0.5852377582871588 0.22584269662921336 0.20215760010499828
1 0.6646067415730337 0.8332630491722827 0.30224719101123604 0.21235042027835946
1 0.8938202247191012 0.8426064676645305 0.10898876404494388 0.2072540101916789
