1 0.08876404494382023 0.17497674630936821 0.15280898876404492 0.34995349261873643
1 0.24606741573033708 0.1741273446282548 0.15056179775280898 0.33126665563424085
1 0.40898876404494383 0.16223572109266665 0.17078651685393254 0.3244714421853333
1 0.15842696629213482 0.554659297767075 0.2898876404494382 0.3822307565010472
1 0.40168539325842695 0.5368218624636928 0.14269662921348314 0.34655588589428277
1 0.11067415730337078 0.8689379197790471 0.21235955056179776 0.24632648752289696
1 0.36235955056179775 0.8740343298657277 0.2280898876404494 0.2225432404517207
1 0.6325842696629214 0.12316324376144852 0.2337078651685394 0.21235042027835951
1 0.8702247191011235 0.1868683698449564 0.14719101123595488 0.3227726388231065
1 0.5882022471910112 0.42639964391894564 0.14494382022471905 0.34655588589428304
1 0.7308988764044945 0.42555024223783244 0.1382022471910112 0.34825468925650954
1 0.9252808988764045 0.5283278456525584 0.14719101123595493 0.35674870606764403
1 0.6859550561797753 0.789094161754384 0.351685393258427 0.33126665563424085
