1 0.0955056179775281 0.17072973790380103 0.15280898876404495 0.327869048909787
1 0.3359550561797752 0.1724285412660279 0.32584269662921345 0.327869048909787
1 0.25280898876404495 0.4901047700024537 0.30561797752808983 0.20215760010499828
1 0.17752808988764046 0.8069315970577661 0.3280898876404494 0.3261702455475603
1 0.4196629213483146 0.8026845886521988 0.14719101123595507 0.341459475807602
1 0.6797752808988764 0.12486204712367538 0.34831460674157294 0.24972409424735076
1 0.6752808988764045 0.3448570825320559 0.3033707865168538 0.21065161691613263
1 0.9146067415730337 0.2250914454950611 0.15955056179775284 0.34145947580760216
1 0.7353932584269662 0.5640027162593229 0.30224719101123604 0.20045879674277145
1 0.941573033707865 0.5606051095348691 0.11011235955056164 0.19706119001831765
1 0.75 0.8307148441289424 0.47977528089887644 0.26501332450739257
