1 0.08820224719101123 0.17582614799048166 0.1449438202247191 0.3244714421853333
1 0.24269662921348314 0.1809225580771623 0.16179775280898878 0.30748340856306455
1 0.40898876404494383 0.184320164801616 0.15955056179775284 0.33126665563424074
1 0.08370786516853933 0.49520118008913444 0.1449438202247191 0.31088101528751827
1 0.3516853932584268 0.5223820338847641 0.26966292134831427 0.280302554767434
1 0.2646067415730337 0.8256184340422617 0.1404494382022472 0.343158279169829
1 0.42247191011235957 0.8281666390856021 0.1370786516853933 0.3176762287364259
1 0.5904494382022472 0.17922375471493543 0.15168539325842695 0.3482546892565096
1 0.7533707865168539 0.17497674630936824 0.14943820224719104 0.343158279169829
1 0.9140449438202247 0.1724285412660279 0.14719101123595507 0.3448570825320558
1 0.6000000000000001 0.6701779263985026 0.1617977528089888 0.6064728003149946
1 0.7601123595505618 0.533424255739239 0.1449438202247191 0.3499534926187365
1 0.9146067415730337 0.535123059101466 0.14606741573033702 0.3363630657209214
1 0.8370786516853934 0.8460040743889843 0.29662921348314614 0.2038564034672251
